[3e+05]: 4.000000e+02,299900
[3e+05]: 3.000000e+02,299900
[3e+05]: 4.000000e+02,299900
[3e+05]: 3.000000e+02,299900
[3e+05]: 4.000000e+02,299900
[3e+05]: 3.000000e+02,299900
[3e+05]: 3.279522e+02,299900
[3e+05]: 4.000000e+02,299900
[3e+05]: 4.000000e+02,299900
[3e+05]: 4.000000e+02,299900
[3e+05]: 3.000000e+02,299900
[3e+05]: 3.000000e+02,299900
[3e+05]: 4.000000e+02,299900
[3e+05]: 4.000000e+02,299900
[3e+05]: 3.000000e+02,299900
[3e+05]: 4.000000e+02,299900
[3e+05]: 5.000000e+02,299900
[3e+05]: 4.000000e+02,299900
[3e+05]: 3.000000e+02,299900
[3e+05]: 3.000000e+02,299900
[3e+05]: 3.000000e+02,299900
[3e+05]: 4.000000e+02,299900
[3e+05]: 5.000000e+02,299900
[3e+05]: 4.000000e+02,299900
[3e+05]: 3.000000e+02,299900
