[1e+05]: 8.000000e+02,99900
[1e+05]: 8.584804e+02,99900
[1e+05]: 8.000000e+02,99900
[1e+05]: 8.000000e+02,99900
[1e+05]: 8.000000e+02,99900
[1e+05]: 8.000000e+02,99900
[1e+05]: 3.000000e+02,99900
[1e+05]: 8.875148e+02,99900
[1e+05]: 8.000000e+02,99900
[1e+05]: 8.000000e+02,99900
[1e+05]: 8.000000e+02,99900
[1e+05]: 3.000000e+02,99900
[1e+05]: 8.000000e+02,99900
[1e+05]: 3.000000e+02,99900
[1e+05]: 8.000000e+02,99900
[1e+05]: 8.000000e+02,99900
[1e+05]: 8.000000e+02,99900
[1e+05]: 8.000000e+02,99900
[1e+05]: 8.000000e+02,99900
[1e+05]: 8.000000e+02,99900
[1e+05]: 8.000000e+02,99900
[1e+05]: 3.000000e+02,99900
[1e+05]: 8.965582e+02,99900
[1e+05]: 3.000000e+02,99900
[1e+05]: 8.001263e+02,99900
