[3e+05]: 9.071796e+02,299900
[3e+05]: 9.065319e+02,299900
[3e+05]: 9.040924e+02,299900
[3e+05]: 9.040582e+02,299900
[3e+05]: 9.057356e+02,299900
[3e+05]: 9.041974e+02,299900
[3e+05]: 9.071500e+02,299900
[3e+05]: 9.037205e+02,299900
[3e+05]: 9.037458e+02,299900
[3e+05]: 9.047071e+02,299900
[3e+05]: 9.075701e+02,299900
[3e+05]: 9.037320e+02,299900
[3e+05]: 9.040872e+02,299900
[3e+05]: 9.041662e+02,299900
[3e+05]: 9.047311e+02,299900
[3e+05]: 9.065047e+02,299900
[3e+05]: 9.047323e+02,299900
[3e+05]: 9.037856e+02,299900
[3e+05]: 9.038077e+02,299900
[3e+05]: 9.030645e+02,299900
[3e+05]: 9.054612e+02,299900
[3e+05]: 9.037068e+02,299900
[3e+05]: 9.046830e+02,299900
[3e+05]: 9.035299e+02,299900
[3e+05]: 9.042123e+02,299900
