[3e+05]: 0.000000e+00,299900
[3e+05]: 0.000000e+00,299900
[3e+05]: 0.000000e+00,299900
[3e+05]: 0.000000e+00,299900
[3e+05]: 0.000000e+00,299900
[3e+05]: 0.000000e+00,299900
[3e+05]: 0.000000e+00,299900
[3e+05]: 0.000000e+00,299900
[3e+05]: 0.000000e+00,299900
[3e+05]: 0.000000e+00,299900
[3e+05]: 0.000000e+00,299900
[3e+05]: 0.000000e+00,299900
[3e+05]: 0.000000e+00,299900
[3e+05]: 0.000000e+00,299900
[3e+05]: 0.000000e+00,299900
[3e+05]: 0.000000e+00,299900
[3e+05]: 0.000000e+00,299900
[3e+05]: 0.000000e+00,299900
[3e+05]: 0.000000e+00,299900
[3e+05]: 0.000000e+00,299900
[3e+05]: 0.000000e+00,299900
[3e+05]: 0.000000e+00,299900
[3e+05]: 0.000000e+00,299900
[3e+05]: 0.000000e+00,299900
[3e+05]: 0.000000e+00,299900
