[3e+05]: 9.037416e+02,299900
[3e+05]: 9.035479e+02,299900
[3e+05]: 9.036339e+02,299900
[3e+05]: 9.037179e+02,299900
[3e+05]: 9.068520e+02,299900
[3e+05]: 9.062486e+02,299900
[3e+05]: 9.037797e+02,299900
[3e+05]: 9.038196e+02,299900
[3e+05]: 9.037286e+02,299900
[3e+05]: 9.042156e+02,299900
[3e+05]: 9.047038e+02,299900
[3e+05]: 9.037700e+02,299900
[3e+05]: 9.044508e+02,299900
[3e+05]: 9.039047e+02,299900
[3e+05]: 9.039614e+02,299900
[3e+05]: 9.064638e+02,299900
[3e+05]: 9.061403e+02,299900
[3e+05]: 9.039133e+02,299900
[3e+05]: 9.037910e+02,299900
[3e+05]: 9.065903e+02,299900
[3e+05]: 9.045562e+02,299900
[3e+05]: 9.035358e+02,299900
[3e+05]: 9.037958e+02,299900
[3e+05]: 9.070360e+02,299900
[3e+05]: 9.037265e+02,299900
