[3e+05]: 5.000000e+02,299900
[3e+05]: 5.000000e+02,299900
[3e+05]: 5.000000e+02,299900
[3e+05]: 5.000000e+02,299900
[3e+05]: 5.000000e+02,299900
[3e+05]: 5.000000e+02,299900
[3e+05]: 5.000000e+02,299900
[3e+05]: 5.000000e+02,299900
[3e+05]: 5.000000e+02,299900
[3e+05]: 5.000000e+02,299900
[3e+05]: 5.000000e+02,299900
[3e+05]: 5.000000e+02,299900
[3e+05]: 5.000000e+02,299900
[3e+05]: 5.000000e+02,299900
[3e+05]: 5.000000e+02,299900
[3e+05]: 5.000000e+02,299900
[3e+05]: 5.000000e+02,299900
[3e+05]: 5.000000e+02,299900
[3e+05]: 5.000000e+02,299900
[3e+05]: 5.000000e+02,299900
[3e+05]: 5.000000e+02,299900
[3e+05]: 5.000000e+02,299900
[3e+05]: 5.000000e+02,299900
[3e+05]: 5.000000e+02,299900
[3e+05]: 5.000000e+02,299900
