[1e+05]: 3.751677e-01,99900
[1e+05]: 3.488914e-01,99900
[1e+05]: 3.131882e-01,99900
[1e+05]: 3.680559e-01,99900
[1e+05]: 4.492146e-01,99900
[1e+05]: 4.263100e-01,99900
[1e+05]: 4.584398e-01,99900
[1e+05]: 4.381233e-01,99900
[1e+05]: 4.535463e-01,99900
[1e+05]: 3.123117e-01,99900
[1e+05]: 4.199728e-01,99900
[1e+05]: 3.413833e-01,99900
[1e+05]: 3.440172e-01,99900
[1e+05]: 4.433557e-01,99900
[1e+05]: 3.474277e-01,99900
[1e+05]: 3.142137e-01,99900
[1e+05]: 4.076972e-01,99900
[1e+05]: 4.250223e-01,99900
[1e+05]: 3.281120e-01,99900
[1e+05]: 3.419666e-01,99900
[1e+05]: 4.208451e-01,99900
[1e+05]: 3.435971e-01,99900
[1e+05]: 3.993801e-01,99900
[1e+05]: 4.112401e-01,99900
[1e+05]: 3.896790e-01,99900
