[3e+05]: 2.674141e+01,299900
[3e+05]: 2.517174e+01,299900
[3e+05]: 1.851096e+01,299900
[3e+05]: 2.267102e+01,299900
[3e+05]: 1.884093e+01,299900
[3e+05]: 1.707295e+01,299900
[3e+05]: 2.460079e+01,299900
[3e+05]: 1.587774e+01,299900
[3e+05]: 1.842818e+01,299900
[3e+05]: 2.206175e+01,299900
[3e+05]: 1.955849e+01,299900
[3e+05]: 2.705091e+01,299900
[3e+05]: 2.868832e+01,299900
[3e+05]: 2.352813e+01,299900
[3e+05]: 2.202891e+01,299900
[3e+05]: 1.542267e+01,299900
[3e+05]: 2.916046e+01,299900
[3e+05]: 2.591546e+01,299900
[3e+05]: 1.163251e+01,299900
[3e+05]: 1.681508e+01,299900
[3e+05]: 2.631180e+01,299900
[3e+05]: 1.591735e+01,299900
[3e+05]: 2.620678e+01,299900
[3e+05]: 2.108394e+01,299900
[3e+05]: 2.829553e+01,299900
