[3e+05]: 8.782695e+02,299900
[3e+05]: 8.520579e+02,299900
[3e+05]: 8.440791e+02,299900
[3e+05]: 8.466636e+02,299900
[3e+05]: 8.840355e+02,299900
[3e+05]: 8.498795e+02,299900
[3e+05]: 8.395324e+02,299900
[3e+05]: 8.757155e+02,299900
[3e+05]: 8.661258e+02,299900
[3e+05]: 8.839803e+02,299900
[3e+05]: 8.701265e+02,299900
[3e+05]: 8.326948e+02,299900
[3e+05]: 8.733954e+02,299900
[3e+05]: 8.779974e+02,299900
[3e+05]: 8.807047e+02,299900
[3e+05]: 8.818975e+02,299900
[3e+05]: 8.681683e+02,299900
[3e+05]: 8.424506e+02,299900
[3e+05]: 8.673032e+02,299900
[3e+05]: 8.790670e+02,299900
[3e+05]: 8.621060e+02,299900
[3e+05]: 8.650794e+02,299900
[3e+05]: 8.759106e+02,299900
[3e+05]: 8.898688e+02,299900
[3e+05]: 8.826558e+02,299900
