[3e+05]: 2.775558e-17,299900
[3e+05]: 2.775558e-17,299900
[3e+05]: 2.775558e-17,299900
[3e+05]: 2.775558e-17,299900
[3e+05]: 2.775558e-17,299900
[3e+05]: 2.775558e-17,299900
[3e+05]: 2.775558e-17,299900
[3e+05]: 2.775558e-17,299900
[3e+05]: 2.775558e-17,299900
[3e+05]: 2.775558e-17,299900
[3e+05]: 2.775558e-17,299900
[3e+05]: 2.775558e-17,299900
[3e+05]: 2.775558e-17,299900
[3e+05]: 2.775558e-17,299900
[3e+05]: 2.775558e-17,299900
[3e+05]: 2.775558e-17,299900
[3e+05]: 2.775558e-17,299900
[3e+05]: 2.775558e-17,299900
[3e+05]: 2.775558e-17,299900
[3e+05]: 2.775558e-17,299900
[3e+05]: 2.775558e-17,299900
[3e+05]: 2.775558e-17,299900
[3e+05]: 2.775558e-17,299900
[3e+05]: 2.775558e-17,299900
[3e+05]: 2.775558e-17,299900
