[3e+05]: 1.248328e+04,299900
[3e+05]: 1.172067e+04,299900
[3e+05]: 8.958489e+03,299900
[3e+05]: 7.398800e+03,299900
[3e+05]: 1.033810e+03,299900
[3e+05]: 5.092962e+04,299900
[3e+05]: 1.819958e+04,299900
[3e+05]: 1.315778e+04,299900
[3e+05]: 2.177486e+04,299900
[3e+05]: 1.927175e+04,299900
[3e+05]: 9.755088e+03,299900
[3e+05]: 1.563680e+04,299900
[3e+05]: 9.915653e+03,299900
[3e+05]: 5.976558e+03,299900
[3e+05]: 1.159097e+04,299900
[3e+05]: 3.256870e+04,299900
[3e+05]: 5.620162e+03,299900
[3e+05]: 1.426686e+04,299900
[3e+05]: 6.688722e+03,299900
[3e+05]: 2.188589e+04,299900
[3e+05]: 3.092873e+03,299900
[3e+05]: 3.016225e+04,299900
[3e+05]: 6.777655e+03,299900
[3e+05]: 1.038015e+04,299900
[3e+05]: 6.249221e+03,299900
