[3e+05]: 1.568269e+02,299900
[3e+05]: 1.511987e+03,299900
[3e+05]: 5.957185e+01,299900
[3e+05]: 1.272977e+04,299900
[3e+05]: 4.995192e+03,299900
[3e+05]: 4.770398e+02,299900
[3e+05]: 4.966785e+03,299900
[3e+05]: 1.730058e+01,299900
[3e+05]: 2.775558e-16,299900
[3e+05]: 2.156769e+03,299900
[3e+05]: 2.708077e+03,299900
[3e+05]: 7.310262e+03,299900
[3e+05]: 3.850323e+02,299900
[3e+05]: 5.982170e+03,299900
[3e+05]: 5.969129e+03,299900
[3e+05]: 4.879625e+03,299900
[3e+05]: 1.812393e+03,299900
[3e+05]: 1.680315e+03,299900
[3e+05]: 8.809971e+02,299900
[3e+05]: 1.571347e+03,299900
[3e+05]: 3.053113e-16,299900
[3e+05]: 4.006289e+03,299900
[3e+05]: 3.893968e-01,299900
[3e+05]: 2.220446e-16,299900
[3e+05]: 5.891215e+02,299900
