[3e+05]: 5.341641e+02,299900
[3e+05]: 5.341641e+02,299900
[3e+05]: 5.341641e+02,299900
[3e+05]: 5.341641e+02,299900
[3e+05]: 5.341641e+02,299900
[3e+05]: 5.341641e+02,299900
[3e+05]: 5.341641e+02,299900
[3e+05]: 5.341641e+02,299900
[3e+05]: 5.341641e+02,299900
[3e+05]: 5.341641e+02,299900
[3e+05]: 5.341641e+02,299900
[3e+05]: 5.341641e+02,299900
[3e+05]: 5.341641e+02,299900
[3e+05]: 5.341641e+02,299900
[3e+05]: 5.341641e+02,299900
[3e+05]: 5.341641e+02,299900
[3e+05]: 5.341641e+02,299900
[3e+05]: 5.341641e+02,299900
[3e+05]: 5.341642e+02,299900
[3e+05]: 5.341641e+02,299900
[3e+05]: 5.341641e+02,299900
[3e+05]: 5.341641e+02,299900
[3e+05]: 5.341641e+02,299900
[3e+05]: 5.341641e+02,299900
[3e+05]: 5.341641e+02,299900
