[1e+05]: 5.355993e-13,99900
[1e+05]: 6.092529e-11,99900
[1e+05]: 7.854828e-14,99900
[1e+05]: 4.749257e-13,99900
[1e+05]: 3.624323e-13,99900
[1e+05]: 1.464107e-13,99900
[1e+05]: 3.599260e-12,99900
[1e+05]: 1.965095e-14,99900
[1e+05]: 3.424316e-12,99900
[1e+05]: 1.776357e-15,99900
[1e+05]: 1.684841e-11,99900
[1e+05]: 1.553202e-13,99900
[1e+05]: 1.604272e-14,99900
[1e+05]: 1.160461e-13,99900
[1e+05]: 9.461876e-14,99900
[1e+05]: 1.180112e-12,99900
[1e+05]: 1.494876e-11,99900
[1e+05]: 3.160250e-13,99900
[1e+05]: 6.720069e-12,99900
[1e+05]: 1.017630e-12,99900
[1e+05]: 9.464651e-14,99900
[1e+05]: 1.071365e-14,99900
[1e+05]: 1.776357e-15,99900
[1e+05]: 9.284240e-14,99900
[1e+05]: 5.384582e-15,99900
