[1e+05]: 1.750629e+03,99900
[1e+05]: 1.747345e+03,99900
[1e+05]: 1.746662e+03,99900
[1e+05]: 1.747279e+03,99900
[1e+05]: 1.751848e+03,99900
[1e+05]: 1.746758e+03,99900
[1e+05]: 1.755558e+03,99900
[1e+05]: 1.750047e+03,99900
[1e+05]: 1.750154e+03,99900
[1e+05]: 1.747015e+03,99900
[1e+05]: 1.748267e+03,99900
[1e+05]: 1.748691e+03,99900
[1e+05]: 1.755818e+03,99900
[1e+05]: 1.756763e+03,99900
[1e+05]: 1.749328e+03,99900
[1e+05]: 1.748231e+03,99900
[1e+05]: 1.748721e+03,99900
[1e+05]: 1.747467e+03,99900
[1e+05]: 1.750830e+03,99900
[1e+05]: 1.748903e+03,99900
[1e+05]: 1.749615e+03,99900
[1e+05]: 1.746754e+03,99900
[1e+05]: 1.750178e+03,99900
[1e+05]: 1.745852e+03,99900
[1e+05]: 1.744215e+03,99900
