[1e+05]: 2.168054e+00,99900
[1e+05]: 3.025931e+00,99900
[1e+05]: 3.116994e+00,99900
[1e+05]: 4.198716e+00,99900
[1e+05]: 2.273861e+00,99900
[1e+05]: 4.076159e+00,99900
[1e+05]: 4.153033e+00,99900
[1e+05]: 3.220837e+00,99900
[1e+05]: 4.053083e+00,99900
[1e+05]: 3.094135e+00,99900
[1e+05]: 4.103439e+00,99900
[1e+05]: 3.116042e+00,99900
[1e+05]: 3.054795e+00,99900
[1e+05]: 2.215190e+00,99900
[1e+05]: 4.123327e+00,99900
[1e+05]: 1.197891e+00,99900
[1e+05]: 3.594706e+00,99900
[1e+05]: 3.443157e+00,99900
[1e+05]: 2.047649e+00,99900
[1e+05]: 3.077013e+00,99900
[1e+05]: 3.055900e+00,99900
[1e+05]: 4.437456e+00,99900
[1e+05]: 2.146729e+00,99900
[1e+05]: 4.236407e+00,99900
[1e+05]: 3.093275e+00,99900
