[1e+05]: 8.722695e+01,99900
[1e+05]: 9.868994e+01,99900
[1e+05]: 9.213349e+01,99900
[1e+05]: 9.615576e+01,99900
[1e+05]: 9.004015e+01,99900
[1e+05]: 9.725348e+01,99900
[1e+05]: 8.974042e+01,99900
[1e+05]: 8.201429e+01,99900
[1e+05]: 9.299717e+01,99900
[1e+05]: 3.599145e-01,99900
[1e+05]: 9.386147e+01,99900
[1e+05]: 9.313363e+01,99900
[1e+05]: 9.860523e+01,99900
[1e+05]: 9.299282e+01,99900
[1e+05]: 8.836633e+01,99900
[1e+05]: 9.409413e+01,99900
[1e+05]: 9.194747e+01,99900
[1e+05]: 9.146822e+01,99900
[1e+05]: 9.255800e+01,99900
[1e+05]: 9.202537e+01,99900
[1e+05]: 9.656657e+01,99900
[1e+05]: 6.253986e+01,99900
[1e+05]: 9.997671e+01,99900
[1e+05]: 9.660050e+01,99900
[1e+05]: 9.368450e+01,99900
