[1e+05]: 5.000000e+02,99900
[1e+05]: 8.000000e+02,99900
[1e+05]: 8.000000e+02,99900
[1e+05]: 5.000000e+02,99900
[1e+05]: 3.000000e+02,99900
[1e+05]: 8.000000e+02,99900
[1e+05]: 8.000000e+02,99900
[1e+05]: 5.000000e+02,99900
[1e+05]: 5.000000e+02,99900
[1e+05]: 5.000000e+02,99900
[1e+05]: 5.000000e+02,99900
[1e+05]: 5.000000e+02,99900
[1e+05]: 3.000000e+02,99900
[1e+05]: 5.000000e+02,99900
[1e+05]: 5.000000e+02,99900
[1e+05]: 8.000000e+02,99900
[1e+05]: 3.000000e+02,99900
[1e+05]: 8.000000e+02,99900
[1e+05]: 3.000000e+02,99900
[1e+05]: 3.000000e+02,99900
[1e+05]: 8.000000e+02,99900
[1e+05]: 8.000000e+02,99900
[1e+05]: 5.000000e+02,99900
[1e+05]: 8.000000e+02,99900
[1e+05]: 8.000000e+02,99900
