[1e+05]: 0.000000e+00,99900
[1e+05]: 0.000000e+00,99900
[1e+05]: 0.000000e+00,99900
[1e+05]: 0.000000e+00,99900
[1e+05]: 0.000000e+00,99900
[1e+05]: 0.000000e+00,99900
[1e+05]: 0.000000e+00,99900
[1e+05]: 0.000000e+00,99900
[1e+05]: 0.000000e+00,99900
[1e+05]: 0.000000e+00,99900
[1e+05]: 0.000000e+00,99900
[1e+05]: 0.000000e+00,99900
[1e+05]: 0.000000e+00,99900
[1e+05]: 0.000000e+00,99900
[1e+05]: 0.000000e+00,99900
[1e+05]: 0.000000e+00,99900
[1e+05]: 0.000000e+00,99900
[1e+05]: 0.000000e+00,99900
[1e+05]: 0.000000e+00,99900
[1e+05]: 0.000000e+00,99900
[1e+05]: 0.000000e+00,99900
[1e+05]: 0.000000e+00,99900
[1e+05]: 0.000000e+00,99900
[1e+05]: 0.000000e+00,99900
[1e+05]: 0.000000e+00,99900
