[1e+05]: 1.445862e+02,99990
[1e+05]: 1.568346e+02,99990
[1e+05]: 1.505190e+02,99990
[1e+05]: 1.323320e+02,99990
[1e+05]: 1.324648e+02,99990
[1e+05]: 1.243761e+02,99990
[1e+05]: 1.014595e+02,99990
[1e+05]: 1.280905e+02,99990
[1e+05]: 1.087699e+02,99990
[1e+05]: 1.191254e+02,99990
[1e+05]: 1.347219e+02,99990
[1e+05]: 1.182593e+02,99990
[1e+05]: 1.438635e+02,99990
[1e+05]: 5.794062e+02,99990
[1e+05]: 1.097385e+02,99990
[1e+05]: 1.661934e+02,99990
[1e+05]: 1.519028e+02,99990
[1e+05]: 1.146760e+02,99990
[1e+05]: 1.189017e+02,99990
[1e+05]: 2.096087e+02,99990
[1e+05]: 1.195779e+02,99990
[1e+05]: 1.185642e+02,99990
[1e+05]: 1.239036e+02,99990
[1e+05]: 1.300620e+02,99990
[1e+05]: 1.647949e+02,99990
