[1e+05]: 6.964776e+00,99990
[1e+05]: 1.392952e+01,99990
[1e+05]: 1.890426e+01,99990
[1e+05]: 1.591947e+01,99990
[1e+05]: 2.686391e+01,99990
[1e+05]: 1.094477e+01,99990
[1e+05]: 1.193950e+01,99990
[1e+05]: 2.188908e+01,99990
[1e+05]: 2.089482e+01,99990
[1e+05]: 1.790930e+01,99990
[1e+05]: 1.392946e+01,99990
[1e+05]: 1.293466e+01,99990
[1e+05]: 2.586888e+01,99990
[1e+05]: 2.387912e+01,99990
[1e+05]: 1.691450e+01,99990
[1e+05]: 8.954683e+00,99990
[1e+05]: 1.492471e+01,99990
[1e+05]: 9.949727e+00,99990
[1e+05]: 9.949705e+00,99990
[1e+05]: 2.188926e+01,99990
[1e+05]: 9.949832e+00,99990
[1e+05]: 1.193994e+01,99990
[1e+05]: 1.492452e+01,99990
[1e+05]: 1.691431e+01,99990
[1e+05]: 3.183867e+01,99990
