[3e+05]: 2.086531e+01,299900
[3e+05]: 2.099939e+01,299900
[3e+05]: 2.098823e+01,299900
[3e+05]: 2.095364e+01,299900
[3e+05]: 2.081471e+01,299900
[3e+05]: 2.096478e+01,299900
[3e+05]: 2.096068e+01,299900
[3e+05]: 2.095570e+01,299900
[3e+05]: 2.102453e+01,299900
[3e+05]: 2.098212e+01,299900
[3e+05]: 2.080840e+01,299900
[3e+05]: 2.079250e+01,299900
[3e+05]: 2.088940e+01,299900
[3e+05]: 2.089322e+01,299900
[3e+05]: 2.090351e+01,299900
[3e+05]: 2.094693e+01,299900
[3e+05]: 2.099549e+01,299900
[3e+05]: 2.088381e+01,299900
[3e+05]: 2.099400e+01,299900
[3e+05]: 2.096973e+01,299900
[3e+05]: 2.096373e+01,299900
[3e+05]: 2.090899e+01,299900
[3e+05]: 2.099621e+01,299900
[3e+05]: 2.097249e+01,299900
[3e+05]: 2.100140e+01,299900
