[1e+05]: 1.107576e+03,99990
[1e+05]: 1.171857e+03,99990
[1e+05]: 1.066555e+03,99990
[1e+05]: 4.104962e+02,99990
[1e+05]: 1.140255e+03,99990
[1e+05]: 1.033017e+03,99990
[1e+05]: 8.000000e+02,99990
[1e+05]: 1.084054e+03,99990
[1e+05]: 5.000000e+02,99990
[1e+05]: 1.072177e+03,99990
[1e+05]: 1.254969e+03,99990
[1e+05]: 1.288074e+03,99990
[1e+05]: 1.115853e+03,99990
[1e+05]: 3.000000e+02,99990
[1e+05]: 1.040714e+03,99990
[1e+05]: 1.064451e+03,99990
[1e+05]: 1.145010e+03,99990
[1e+05]: 1.188895e+03,99990
[1e+05]: 1.171743e+03,99990
[1e+05]: 1.100933e+03,99990
[1e+05]: 1.115538e+03,99990
[1e+05]: 5.000000e+02,99990
[1e+05]: 1.253788e+03,99990
[1e+05]: 1.201094e+03,99990
[1e+05]: 9.118119e+02,99990
