[3e+05]: 4.696289e+03,299990
[3e+05]: 4.696289e+03,299990
[3e+05]: 4.696289e+03,299990
[3e+05]: 4.696289e+03,299990
[3e+05]: 4.696289e+03,299990
[3e+05]: 4.696289e+03,299990
[3e+05]: 4.696289e+03,299990
[3e+05]: 4.696289e+03,299990
[3e+05]: 4.696289e+03,299990
[3e+05]: 4.696289e+03,299990
[3e+05]: 4.696289e+03,299990
[3e+05]: 4.696289e+03,299990
[3e+05]: 4.696289e+03,299990
[3e+05]: 4.696289e+03,299990
[3e+05]: 4.696289e+03,299990
[3e+05]: 4.696289e+03,299990
[3e+05]: 4.696289e+03,299990
[3e+05]: 4.696289e+03,299990
[3e+05]: 4.696289e+03,299990
[3e+05]: 4.696289e+03,299990
[3e+05]: 4.696289e+03,299990
[3e+05]: 4.696289e+03,299990
[3e+05]: 4.696289e+03,299990
[3e+05]: 4.696289e+03,299990
[3e+05]: 4.696289e+03,299990
