[1e+05]: 2.775558e-17,99990
[1e+05]: 5.551115e-17,99990
[1e+05]: 2.775558e-17,99990
[1e+05]: 2.775558e-17,99990
[1e+05]: 2.775558e-17,99990
[1e+05]: 2.775558e-17,99990
[1e+05]: 5.551115e-17,99990
[1e+05]: 2.775558e-17,99990
[1e+05]: 2.775558e-17,99990
[1e+05]: 2.775558e-17,99990
[1e+05]: 1.665335e-16,99990
[1e+05]: 0.000000e+00,99990
[1e+05]: 2.775558e-17,99990
[1e+05]: 2.775558e-17,99990
[1e+05]: 8.326673e-17,99990
[1e+05]: 5.551115e-17,99990
[1e+05]: 5.551115e-17,99990
[1e+05]: 2.775558e-17,99990
[1e+05]: 8.326673e-17,99990
[1e+05]: 5.551115e-17,99990
[1e+05]: 8.326673e-17,99990
[1e+05]: 2.775558e-17,99990
[1e+05]: 2.775558e-17,99990
[1e+05]: 1.110223e-16,99990
[1e+05]: 2.775558e-17,99990
