[3e+05]: 8.488151e+02,299990
[3e+05]: 8.700832e+02,299990
[3e+05]: 8.521423e+02,299990
[3e+05]: 8.371830e+02,299990
[3e+05]: 8.562486e+02,299990
[3e+05]: 8.792874e+02,299990
[3e+05]: 8.430732e+02,299990
[3e+05]: 8.580956e+02,299990
[3e+05]: 8.360249e+02,299990
[3e+05]: 8.568299e+02,299990
[3e+05]: 9.205218e+02,299990
[3e+05]: 8.479379e+02,299990
[3e+05]: 8.687976e+02,299990
[3e+05]: 8.953106e+02,299990
[3e+05]: 8.751356e+02,299990
[3e+05]: 8.577247e+02,299990
[3e+05]: 9.101007e+02,299990
[3e+05]: 8.681501e+02,299990
[3e+05]: 8.519163e+02,299990
[3e+05]: 8.452948e+02,299990
[3e+05]: 8.381445e+02,299990
[3e+05]: 8.690685e+02,299990
[3e+05]: 8.320247e+02,299990
[3e+05]: 8.360108e+02,299990
[3e+05]: 8.458187e+02,299990
