[3e+05]: 1.634500e+03,299900
[3e+05]: 1.628326e+03,299900
[3e+05]: 1.630614e+03,299900
[3e+05]: 1.633244e+03,299900
[3e+05]: 1.636302e+03,299900
[3e+05]: 1.631175e+03,299900
[3e+05]: 1.634256e+03,299900
[3e+05]: 1.633357e+03,299900
[3e+05]: 1.629254e+03,299900
[3e+05]: 1.631663e+03,299900
[3e+05]: 1.633326e+03,299900
[3e+05]: 1.632544e+03,299900
[3e+05]: 1.629436e+03,299900
[3e+05]: 1.632004e+03,299900
[3e+05]: 1.632216e+03,299900
[3e+05]: 1.633318e+03,299900
[3e+05]: 1.632584e+03,299900
[3e+05]: 1.632710e+03,299900
[3e+05]: 1.634834e+03,299900
[3e+05]: 1.634731e+03,299900
[3e+05]: 1.637087e+03,299900
[3e+05]: 1.632399e+03,299900
[3e+05]: 1.635987e+03,299900
[3e+05]: 1.629559e+03,299900
[3e+05]: 1.636339e+03,299900
