[1e+05]: 2.586199e+00,99900
[1e+05]: 2.874699e+00,99900
[1e+05]: 2.914720e+00,99900
[1e+05]: 2.986947e+00,99900
[1e+05]: 2.710312e+00,99900
[1e+05]: 2.560911e+00,99900
[1e+05]: 2.964405e+00,99900
[1e+05]: 2.958021e+00,99900
[1e+05]: 3.148553e+00,99900
[1e+05]: 2.771614e+00,99900
[1e+05]: 2.151432e+00,99900
[1e+05]: 2.748511e+00,99900
[1e+05]: 2.457094e+00,99900
[1e+05]: 2.963372e+00,99900
[1e+05]: 3.016291e+00,99900
[1e+05]: 3.069788e+00,99900
[1e+05]: 2.316989e+00,99900
[1e+05]: 2.621997e+00,99900
[1e+05]: 2.801899e+00,99900
[1e+05]: 3.061840e+00,99900
[1e+05]: 2.656298e+00,99900
[1e+05]: 3.011936e+00,99900
[1e+05]: 2.937977e+00,99900
[1e+05]: 2.856923e+00,99900
[1e+05]: 2.072032e+00,99900
