[1e+05]: 8.267691e-01,99990
[1e+05]: 8.560047e-01,99990
[1e+05]: 1.104842e+00,99990
[1e+05]: 7.683628e-01,99990
[1e+05]: 5.500527e-01,99990
[1e+05]: 6.564483e-01,99990
[1e+05]: 1.082997e+00,99990
[1e+05]: 5.285295e-01,99990
[1e+05]: 1.109737e+00,99990
[1e+05]: 5.480208e-01,99990
[1e+05]: 1.283015e-01,99990
[1e+05]: 3.727789e-01,99990
[1e+05]: 6.657557e-01,99990
[1e+05]: 1.247498e+00,99990
[1e+05]: 4.880661e-01,99990
[1e+05]: 8.380226e-01,99990
[1e+05]: 5.738625e-01,99990
[1e+05]: 2.269379e-01,99990
[1e+05]: 1.233508e+00,99990
[1e+05]: 9.401306e-01,99990
[1e+05]: 5.331277e-01,99990
[1e+05]: 7.723293e-01,99990
[1e+05]: 7.987473e-01,99990
[1e+05]: 2.992506e-01,99990
[1e+05]: 3.588112e-01,99990
