[1e+05]: 2.034154e+01,99900
[1e+05]: 2.041788e+01,99900
[1e+05]: 2.034436e+01,99900
[1e+05]: 2.033220e+01,99900
[1e+05]: 2.028120e+01,99900
[1e+05]: 2.047553e+01,99900
[1e+05]: 2.022653e+01,99900
[1e+05]: 2.033750e+01,99900
[1e+05]: 2.025707e+01,99900
[1e+05]: 2.036155e+01,99900
[1e+05]: 2.027617e+01,99900
[1e+05]: 2.034844e+01,99900
[1e+05]: 2.027895e+01,99900
[1e+05]: 2.045189e+01,99900
[1e+05]: 2.045731e+01,99900
[1e+05]: 2.046225e+01,99900
[1e+05]: 2.034875e+01,99900
[1e+05]: 2.034012e+01,99900
[1e+05]: 2.042779e+01,99900
[1e+05]: 2.038276e+01,99900
[1e+05]: 2.043200e+01,99900
[1e+05]: 2.032613e+01,99900
[1e+05]: 2.029968e+01,99900
[1e+05]: 2.039324e+01,99900
[1e+05]: 2.026376e+01,99900
