[3e+05]: 8.322094e+03,299990
[3e+05]: 1.984026e+03,299990
[3e+05]: 1.589961e+02,299990
[3e+05]: 7.084878e+02,299990
[3e+05]: 2.131312e+04,299990
[3e+05]: 8.642059e+02,299990
[3e+05]: 4.977323e+03,299990
[3e+05]: 2.166526e+02,299990
[3e+05]: 3.822019e+02,299990
[3e+05]: 6.057991e+03,299990
[3e+05]: 9.392110e+03,299990
[3e+05]: 9.320581e+03,299990
[3e+05]: 8.289962e+03,299990
[3e+05]: 1.931595e+03,299990
[3e+05]: 4.588981e+03,299990
[3e+05]: 1.460093e+02,299990
[3e+05]: 1.434009e+03,299990
[3e+05]: 5.403149e+03,299990
[3e+05]: 6.054067e+02,299990
[3e+05]: 8.770003e+02,299990
[3e+05]: 7.134868e+02,299990
[3e+05]: 1.129022e+02,299990
[3e+05]: 6.620349e+00,299990
[3e+05]: 3.876752e+02,299990
[3e+05]: 6.058544e+02,299990
