[3e+05]: 1.213237e+03,299990
[3e+05]: 8.466766e+02,299990
[3e+05]: 1.019179e+03,299990
[3e+05]: 1.202364e+03,299990
[3e+05]: 1.216835e+03,299990
[3e+05]: 8.106169e+02,299990
[3e+05]: 1.174938e+03,299990
[3e+05]: 8.004042e+02,299990
[3e+05]: 1.254750e+03,299990
[3e+05]: 1.010866e+03,299990
[3e+05]: 9.024500e+02,299990
[3e+05]: 1.218031e+03,299990
[3e+05]: 9.340568e+02,299990
[3e+05]: 1.215131e+03,299990
[3e+05]: 1.196049e+03,299990
[3e+05]: 7.319727e+02,299990
[3e+05]: 1.219504e+03,299990
[3e+05]: 1.235159e+03,299990
[3e+05]: 1.023332e+03,299990
[3e+05]: 1.218062e+03,299990
[3e+05]: 1.236109e+03,299990
[3e+05]: 1.140041e+03,299990
[3e+05]: 1.219600e+03,299990
[3e+05]: 1.221282e+03,299990
[3e+05]: 1.203915e+03,299990
