[3e+05]: 6.467200e+01,299990
[3e+05]: 1.333238e+02,299990
[3e+05]: 3.681341e+01,299990
[3e+05]: 6.069236e+01,299990
[3e+05]: 6.964694e+01,299990
[3e+05]: 5.969737e+01,299990
[3e+05]: 5.472244e+01,299990
[3e+05]: 4.775768e+01,299990
[3e+05]: 7.163679e+01,299990
[3e+05]: 7.561667e+01,299990
[3e+05]: 8.855110e+01,299990
[3e+05]: 7.163663e+01,299990
[3e+05]: 1.014851e+02,299990
[3e+05]: 6.566717e+01,299990
[3e+05]: 7.064186e+01,299990
[3e+05]: 1.790925e+01,299990
[3e+05]: 7.263165e+01,299990
[3e+05]: 4.576804e+01,299990
[3e+05]: 1.154147e+02,299990
[3e+05]: 8.357633e+01,299990
[3e+05]: 2.984872e+01,299990
[3e+05]: 3.979830e+01,299990
[3e+05]: 3.681341e+01,299990
[3e+05]: 5.472258e+01,299990
[3e+05]: 8.059131e+01,299990
