[1e+05]: 6.759445e-04,99990
[1e+05]: 9.177724e-03,99990
[1e+05]: 2.094327e-07,99990
[1e+05]: 4.496315e+02,99990
[1e+05]: 2.487197e-05,99990
[1e+05]: 1.137259e-10,99990
[1e+05]: 3.426739e+00,99990
[1e+05]: 9.810408e-02,99990
[1e+05]: 1.201909e-05,99990
[1e+05]: 2.051171e+01,99990
[1e+05]: 1.401165e+01,99990
[1e+05]: 6.281696e-01,99990
[1e+05]: 2.256748e+01,99990
[1e+05]: 3.209675e-03,99990
[1e+05]: 1.142922e-07,99990
[1e+05]: 4.241137e-01,99990
[1e+05]: 2.487401e-06,99990
[1e+05]: 1.481862e-05,99990
[1e+05]: 4.440776e-01,99990
[1e+05]: 3.626745e-01,99990
[1e+05]: 1.728321e+01,99990
[1e+05]: 1.104876e+01,99990
[1e+05]: 1.378782e-03,99990
[1e+05]: 1.794680e-03,99990
[1e+05]: 5.895176e-03,99990
