[1e+05]: 7.468347e+02,99900
[1e+05]: 3.000000e+02,99900
[1e+05]: 7.476970e+02,99900
[1e+05]: 7.435653e+02,99900
[1e+05]: 7.460568e+02,99900
[1e+05]: 7.473573e+02,99900
[1e+05]: 7.497990e+02,99900
[1e+05]: 7.490069e+02,99900
[1e+05]: 7.494887e+02,99900
[1e+05]: 7.439863e+02,99900
[1e+05]: 7.480659e+02,99900
[1e+05]: 7.506780e+02,99900
[1e+05]: 7.461196e+02,99900
[1e+05]: 7.502387e+02,99900
[1e+05]: 7.452643e+02,99900
[1e+05]: 7.503948e+02,99900
[1e+05]: 7.538776e+02,99900
[1e+05]: 8.000000e+02,99900
[1e+05]: 7.480237e+02,99900
[1e+05]: 7.502269e+02,99900
[1e+05]: 7.514913e+02,99900
[1e+05]: 7.478511e+02,99900
[1e+05]: 7.510299e+02,99900
[1e+05]: 7.508117e+02,99900
[1e+05]: 7.470477e+02,99900
