[3e+05]: 1.003229e+04,299990
[3e+05]: 1.320044e+04,299990
[3e+05]: 5.098114e+03,299990
[3e+05]: 1.245776e+04,299990
[3e+05]: 2.265932e+04,299990
[3e+05]: 6.716247e+03,299990
[3e+05]: 1.362354e+04,299990
[3e+05]: 1.634873e+04,299990
[3e+05]: 2.826909e+04,299990
[3e+05]: 1.654509e+04,299990
[3e+05]: 1.439220e+04,299990
[3e+05]: 1.532059e+04,299990
[3e+05]: 8.659853e+03,299990
[3e+05]: 5.565690e+03,299990
[3e+05]: 1.321411e+04,299990
[3e+05]: 7.147115e+03,299990
[3e+05]: 9.492181e+03,299990
[3e+05]: 1.158395e+04,299990
[3e+05]: 1.500892e+04,299990
[3e+05]: 5.402093e+03,299990
[3e+05]: 6.699261e+03,299990
[3e+05]: 1.208903e+04,299990
[3e+05]: 2.142290e+04,299990
[3e+05]: 1.840655e+04,299990
[3e+05]: 8.015680e+03,299990
