[3e+05]: 2.018291e+00,299900
[3e+05]: 1.880083e+00,299900
[3e+05]: 1.636957e+00,299900
[3e+05]: 2.265192e+00,299900
[3e+05]: 2.223462e+00,299900
[3e+05]: 2.049579e+00,299900
[3e+05]: 2.004721e+00,299900
[3e+05]: 2.189373e+00,299900
[3e+05]: 2.028195e+00,299900
[3e+05]: 2.322803e+00,299900
[3e+05]: 1.758281e+00,299900
[3e+05]: 1.899405e+00,299900
[3e+05]: 1.892249e+00,299900
[3e+05]: 2.186772e+00,299900
[3e+05]: 2.146491e+00,299900
[3e+05]: 2.177383e+00,299900
[3e+05]: 1.929425e+00,299900
[3e+05]: 1.799863e+00,299900
[3e+05]: 2.287587e+00,299900
[3e+05]: 1.897391e+00,299900
[3e+05]: 1.966694e+00,299900
[3e+05]: 1.572662e+00,299900
[3e+05]: 1.574703e+00,299900
[3e+05]: 1.714628e+00,299900
[3e+05]: 1.683607e+00,299900
