[3e+05]: 1.987299e-14,299990
[3e+05]: 5.828671e-16,299990
[3e+05]: 2.220446e-15,299990
[3e+05]: 1.970646e-15,299990
[3e+05]: 1.887379e-15,299990
[3e+05]: 2.989275e-14,299990
[3e+05]: 6.633583e-15,299990
[3e+05]: 3.191891e-15,299990
[3e+05]: 1.526557e-15,299990
[3e+05]: 9.775514e-14,299990
[3e+05]: 2.636780e-15,299990
[3e+05]: 1.090794e-14,299990
[3e+05]: 4.662937e-15,299990
[3e+05]: 3.344547e-14,299990
[3e+05]: 6.484618e-12,299990
[3e+05]: 1.548761e-14,299990
[3e+05]: 1.026956e-14,299990
[3e+05]: 1.434772e-11,299990
[3e+05]: 1.465494e-14,299990
[3e+05]: 4.860001e-14,299990
[3e+05]: 1.498801e-15,299990
[3e+05]: 3.583245e-14,299990
[3e+05]: 1.295353e-13,299990
[3e+05]: 8.854029e-15,299990
[3e+05]: 7.494283e-12,299990
