[3e+05]: 1.044710e+02,299990
[3e+05]: 2.129219e+02,299990
[3e+05]: 1.920264e+02,299990
[3e+05]: 1.880465e+02,299990
[3e+05]: 2.029697e+02,299990
[3e+05]: 1.462591e+02,299990
[3e+05]: 1.323297e+02,299990
[3e+05]: 1.731234e+02,299990
[3e+05]: 7.860280e+01,299990
[3e+05]: 1.223805e+02,299990
[3e+05]: 2.198859e+02,299990
[3e+05]: 1.402898e+02,299990
[3e+05]: 1.273565e+02,299990
[3e+05]: 8.059369e+01,299990
[3e+05]: 2.387893e+02,299990
[3e+05]: 1.681470e+02,299990
[3e+05]: 1.492441e+02,299990
[3e+05]: 1.432735e+02,299990
[3e+05]: 2.169004e+02,299990
[3e+05]: 2.099353e+02,299990
[3e+05]: 1.989910e+02,299990
[3e+05]: 1.631729e+02,299990
[3e+05]: 1.532234e+02,299990
[3e+05]: 1.223797e+02,299990
[3e+05]: 1.631748e+02,299990
