[1e+05]: 7.574966e+02,99990
[1e+05]: 8.356637e+02,99990
[1e+05]: 9.892076e+02,99990
[1e+05]: 9.480941e+02,99990
[1e+05]: 8.000000e+02,99990
[1e+05]: 1.042062e+03,99990
[1e+05]: 9.522610e+02,99990
[1e+05]: 9.637665e+02,99990
[1e+05]: 9.375171e+02,99990
[1e+05]: 9.865079e+02,99990
[1e+05]: 7.201260e+02,99990
[1e+05]: 9.773050e+02,99990
[1e+05]: 9.383910e+02,99990
[1e+05]: 9.184703e+02,99990
[1e+05]: 8.000000e+02,99990
[1e+05]: 9.521747e+02,99990
[1e+05]: 1.029513e+03,99990
[1e+05]: 9.889068e+02,99990
[1e+05]: 9.764249e+02,99990
[1e+05]: 9.197634e+02,99990
[1e+05]: 1.030793e+03,99990
[1e+05]: 8.220057e+02,99990
[1e+05]: 8.000000e+02,99990
[1e+05]: 9.719574e+02,99990
[1e+05]: 8.000000e+02,99990
