[1e+05]: 1.123310e+03,99990
[1e+05]: 1.097166e+03,99990
[1e+05]: 5.596030e+02,99990
[1e+05]: 1.253974e+03,99990
[1e+05]: 1.172712e+03,99990
[1e+05]: 1.085388e+03,99990
[1e+05]: 1.249939e+03,99990
[1e+05]: 1.136542e+03,99990
[1e+05]: 1.239003e+03,99990
[1e+05]: 1.272243e+03,99990
[1e+05]: 1.246175e+03,99990
[1e+05]: 1.219971e+03,99990
[1e+05]: 1.219393e+03,99990
[1e+05]: 9.549628e+02,99990
[1e+05]: 1.246147e+03,99990
[1e+05]: 1.090127e+03,99990
[1e+05]: 7.212160e+02,99990
[1e+05]: 1.203892e+03,99990
[1e+05]: 1.111703e+03,99990
[1e+05]: 5.594683e+02,99990
[1e+05]: 1.270789e+03,99990
[1e+05]: 1.109403e+03,99990
[1e+05]: 1.156243e+03,99990
[1e+05]: 1.230723e+03,99990
[1e+05]: 1.260982e+03,99990
