[1e+05]: 8.000000e+02,99900
[1e+05]: 8.673836e+02,99900
[1e+05]: 8.000000e+02,99900
[1e+05]: 8.964865e+02,99900
[1e+05]: 3.000000e+02,99900
[1e+05]: 3.000000e+02,99900
[1e+05]: 8.835415e+02,99900
[1e+05]: 8.000000e+02,99900
[1e+05]: 8.000000e+02,99900
[1e+05]: 3.000000e+02,99900
[1e+05]: 3.000000e+02,99900
[1e+05]: 8.000000e+02,99900
[1e+05]: 8.000000e+02,99900
[1e+05]: 3.000000e+02,99900
[1e+05]: 8.000000e+02,99900
[1e+05]: 8.000000e+02,99900
[1e+05]: 8.000000e+02,99900
[1e+05]: 8.000000e+02,99900
[1e+05]: 8.000000e+02,99900
[1e+05]: 8.000000e+02,99900
[1e+05]: 8.000000e+02,99900
[1e+05]: 3.000000e+02,99900
[1e+05]: 8.968473e+02,99900
[1e+05]: 8.000000e+02,99900
[1e+05]: 3.000000e+02,99900
