[1e+05]: 1.267046e+03,99990
[1e+05]: 1.267046e+03,99990
[1e+05]: 1.267046e+03,99990
[1e+05]: 1.267046e+03,99990
[1e+05]: 1.267046e+03,99990
[1e+05]: 1.267046e+03,99990
[1e+05]: 1.267046e+03,99990
[1e+05]: 1.267046e+03,99990
[1e+05]: 1.267046e+03,99990
[1e+05]: 1.267046e+03,99990
[1e+05]: 1.267046e+03,99990
[1e+05]: 1.267296e+03,99990
[1e+05]: 1.267046e+03,99990
[1e+05]: 1.267046e+03,99990
[1e+05]: 1.267046e+03,99990
[1e+05]: 1.267046e+03,99990
[1e+05]: 1.267046e+03,99990
[1e+05]: 1.267046e+03,99990
[1e+05]: 1.267046e+03,99990
[1e+05]: 1.267046e+03,99990
[1e+05]: 1.267046e+03,99990
[1e+05]: 1.267046e+03,99990
[1e+05]: 1.267046e+03,99990
[1e+05]: 1.267046e+03,99990
[1e+05]: 1.267046e+03,99990
