[3e+05]: 1.182848e+05,299990
[3e+05]: 7.771925e+04,299990
[3e+05]: 2.250950e+05,299990
[3e+05]: 1.032301e+05,299990
[3e+05]: 9.576140e+04,299990
[3e+05]: 9.914067e+04,299990
[3e+05]: 2.567216e+04,299990
[3e+05]: 1.200128e+05,299990
[3e+05]: 1.755527e+05,299990
[3e+05]: 7.758627e+04,299990
[3e+05]: 2.402909e+05,299990
[3e+05]: 1.261424e+05,299990
[3e+05]: 2.280220e+05,299990
[3e+05]: 1.399444e+05,299990
[3e+05]: 6.940868e+04,299990
[3e+05]: 3.434611e+05,299990
[3e+05]: 5.909156e+04,299990
[3e+05]: 1.613514e+05,299990
[3e+05]: 1.376292e+05,299990
[3e+05]: 2.563828e+05,299990
[3e+05]: 5.110045e+04,299990
[3e+05]: 9.880242e+04,299990
[3e+05]: 4.274572e+05,299990
[3e+05]: 7.331268e+04,299990
[3e+05]: 1.344505e+05,299990
