[3e+05]: 8.871465e+02,299990
[3e+05]: 8.622769e+02,299990
[3e+05]: 8.501889e+02,299990
[3e+05]: 8.444568e+02,299990
[3e+05]: 8.352322e+02,299990
[3e+05]: 9.454392e+02,299990
[3e+05]: 8.355051e+02,299990
[3e+05]: 8.995193e+02,299990
[3e+05]: 8.676421e+02,299990
[3e+05]: 8.736699e+02,299990
[3e+05]: 8.587197e+02,299990
[3e+05]: 8.530507e+02,299990
[3e+05]: 8.520354e+02,299990
[3e+05]: 8.725165e+02,299990
[3e+05]: 8.670711e+02,299990
[3e+05]: 8.645270e+02,299990
[3e+05]: 8.622652e+02,299990
[3e+05]: 8.618273e+02,299990
[3e+05]: 9.484807e+02,299990
[3e+05]: 8.963710e+02,299990
[3e+05]: 8.677536e+02,299990
[3e+05]: 9.285216e+02,299990
[3e+05]: 8.346103e+02,299990
[3e+05]: 8.892237e+02,299990
[3e+05]: 8.344890e+02,299990
