[1e+05]: 4.622208e+00,99900
[1e+05]: 4.462184e+00,99900
[1e+05]: 4.193816e+00,99900
[1e+05]: 4.610259e+00,99900
[1e+05]: 3.401664e+00,99900
[1e+05]: 3.414429e+00,99900
[1e+05]: 3.527007e+00,99900
[1e+05]: 4.638622e+00,99900
[1e+05]: 4.769416e+00,99900
[1e+05]: 5.065997e+00,99900
[1e+05]: 4.747957e+00,99900
[1e+05]: 4.273853e+00,99900
[1e+05]: 2.600780e+00,99900
[1e+05]: 3.484530e+00,99900
[1e+05]: 3.861266e+00,99900
[1e+05]: 4.355270e+00,99900
[1e+05]: 4.087054e+00,99900
[1e+05]: 4.430869e+00,99900
[1e+05]: 4.778594e+00,99900
[1e+05]: 4.020321e+00,99900
[1e+05]: 4.227404e+00,99900
[1e+05]: 3.921959e+00,99900
[1e+05]: 4.506671e+00,99900
[1e+05]: 3.748785e+00,99900
[1e+05]: 3.473184e+00,99900
