[3e+05]: 5.551825e+02,299990
[3e+05]: 4.639463e+02,299990
[3e+05]: 9.000000e+02,299990
[3e+05]: 6.249022e+01,299990
[3e+05]: 4.104247e+02,299990
[3e+05]: 4.000000e+02,299990
[3e+05]: 5.000000e+02,299990
[3e+05]: 9.102608e+02,299990
[3e+05]: 6.355755e+02,299990
[3e+05]: 4.891090e+02,299990
[3e+05]: 4.038463e+02,299990
[3e+05]: 5.074840e+02,299990
[3e+05]: 4.814962e+02,299990
[3e+05]: 6.539438e+02,299990
[3e+05]: 5.655783e+02,299990
[3e+05]: 5.189188e+02,299990
[3e+05]: 5.267637e+02,299990
[3e+05]: 5.878795e+02,299990
[3e+05]: 5.346727e+02,299990
[3e+05]: 4.852759e+02,299990
[3e+05]: 4.307453e+02,299990
[3e+05]: 5.098133e+02,299990
[3e+05]: 4.000000e+02,299990
[3e+05]: 4.028437e+01,299990
[3e+05]: 5.062554e+02,299990
