[3e+05]: 2.648669e+01,299990
[3e+05]: 3.181128e+01,299990
[3e+05]: 2.701979e+01,299990
[3e+05]: 2.864824e+01,299990
[3e+05]: 2.911635e+01,299990
[3e+05]: 3.012755e+01,299990
[3e+05]: 3.122485e+01,299990
[3e+05]: 3.011499e+01,299990
[3e+05]: 3.145277e+01,299990
[3e+05]: 3.059154e+01,299990
[3e+05]: 2.987644e+01,299990
[3e+05]: 2.912678e+01,299990
[3e+05]: 2.935684e+01,299990
[3e+05]: 2.533765e+01,299990
[3e+05]: 2.881035e+01,299990
[3e+05]: 2.813991e+01,299990
[3e+05]: 3.011074e+01,299990
[3e+05]: 2.714542e+01,299990
[3e+05]: 2.691407e+01,299990
[3e+05]: 3.217713e+01,299990
[3e+05]: 3.182134e+01,299990
[3e+05]: 2.953019e+01,299990
[3e+05]: 2.846544e+01,299990
[3e+05]: 2.558678e+01,299990
[3e+05]: 2.617873e+01,299990
