[1e+05]: 7.575785e+02,99990
[1e+05]: 1.029517e+03,99990
[1e+05]: 8.211120e+02,99990
[1e+05]: 9.998306e+02,99990
[1e+05]: 8.223213e+02,99990
[1e+05]: 1.046771e+03,99990
[1e+05]: 6.916434e+02,99990
[1e+05]: 9.120035e+02,99990
[1e+05]: 9.139135e+02,99990
[1e+05]: 8.000928e+02,99990
[1e+05]: 9.784274e+02,99990
[1e+05]: 1.039353e+03,99990
[1e+05]: 9.935816e+02,99990
[1e+05]: 9.833743e+02,99990
[1e+05]: 9.811194e+02,99990
[1e+05]: 1.027344e+03,99990
[1e+05]: 1.012553e+03,99990
[1e+05]: 9.287781e+02,99990
[1e+05]: 1.053680e+03,99990
[1e+05]: 8.000000e+02,99990
[1e+05]: 9.408125e+02,99990
[1e+05]: 9.568620e+02,99990
[1e+05]: 9.288502e+02,99990
[1e+05]: 8.219034e+02,99990
[1e+05]: 1.003322e+03,99990
