[3e+05]: 8.399661e+02,299990
[3e+05]: 8.356899e+02,299990
[3e+05]: 8.804416e+02,299990
[3e+05]: 8.833979e+02,299990
[3e+05]: 8.817537e+02,299990
[3e+05]: 8.503491e+02,299990
[3e+05]: 8.512070e+02,299990
[3e+05]: 8.708336e+02,299990
[3e+05]: 8.647774e+02,299990
[3e+05]: 8.589693e+02,299990
[3e+05]: 8.366235e+02,299990
[3e+05]: 8.973929e+02,299990
[3e+05]: 8.519124e+02,299990
[3e+05]: 8.544068e+02,299990
[3e+05]: 8.439765e+02,299990
[3e+05]: 9.260672e+02,299990
[3e+05]: 8.655264e+02,299990
[3e+05]: 8.405978e+02,299990
[3e+05]: 8.645374e+02,299990
[3e+05]: 8.931642e+02,299990
[3e+05]: 8.662699e+02,299990
[3e+05]: 8.549821e+02,299990
[3e+05]: 8.396412e+02,299990
[3e+05]: 8.304247e+02,299990
[3e+05]: 8.482321e+02,299990
