[3e+05]: 3.876863e+03,299990
[3e+05]: 6.957107e+03,299990
[3e+05]: 2.639292e+03,299990
[3e+05]: 4.013135e+03,299990
[3e+05]: 4.289347e+03,299990
[3e+05]: 3.097744e+03,299990
[3e+05]: 7.427767e+03,299990
[3e+05]: 2.552281e+03,299990
[3e+05]: 3.523626e+03,299990
[3e+05]: 4.987553e+03,299990
[3e+05]: 3.186230e+03,299990
[3e+05]: 3.926042e+03,299990
[3e+05]: 4.967301e+03,299990
[3e+05]: 3.308686e+03,299990
[3e+05]: 2.701615e+03,299990
[3e+05]: 2.845334e+03,299990
[3e+05]: 4.216600e+03,299990
[3e+05]: 3.351341e+03,299990
[3e+05]: 4.719978e+03,299990
[3e+05]: 2.540278e+03,299990
[3e+05]: 2.599021e+03,299990
[3e+05]: 4.294213e+03,299990
[3e+05]: 3.519156e+03,299990
[3e+05]: 4.296513e+03,299990
[3e+05]: 3.128666e+03,299990
