[3e+05]: 1.665335e-16,299990
[3e+05]: 2.053913e-15,299990
[3e+05]: 2.775558e-17,299990
[3e+05]: 6.938894e-16,299990
[3e+05]: 2.498002e-16,299990
[3e+05]: 3.608225e-16,299990
[3e+05]: 6.938894e-16,299990
[3e+05]: 2.775558e-17,299990
[3e+05]: 6.383782e-16,299990
[3e+05]: 2.775558e-16,299990
[3e+05]: 2.747802e-15,299990
[3e+05]: 2.775558e-17,299990
[3e+05]: 2.756129e-14,299990
[3e+05]: 6.106227e-16,299990
[3e+05]: 3.608225e-16,299990
[3e+05]: 5.551115e-16,299990
[3e+05]: 1.387779e-16,299990
[3e+05]: 3.330669e-16,299990
[3e+05]: 2.775558e-17,299990
[3e+05]: 1.665335e-16,299990
[3e+05]: 4.440892e-16,299990
[3e+05]: 1.182388e-14,299990
[3e+05]: 3.053113e-16,299990
[3e+05]: 3.330669e-16,299990
[3e+05]: 3.885781e-16,299990
