[1e+05]: 2.775558e-17,99990
[1e+05]: 3.986579e+00,99990
[1e+05]: 1.665335e-16,99990
[1e+05]: 5.551115e-17,99990
[1e+05]: 2.220446e-16,99990
[1e+05]: 3.986579e+00,99990
[1e+05]: 2.775558e-17,99990
[1e+05]: 5.551115e-17,99990
[1e+05]: 3.986579e+00,99990
[1e+05]: 2.220446e-16,99990
[1e+05]: 8.326673e-17,99990
[1e+05]: 3.986579e+00,99990
[1e+05]: 3.986579e+00,99990
[1e+05]: 9.714451e-16,99990
[1e+05]: 2.775558e-17,99990
[1e+05]: 1.387779e-16,99990
[1e+05]: 5.551115e-17,99990
[1e+05]: 3.986579e+00,99990
[1e+05]: 1.387779e-16,99990
[1e+05]: 2.026157e-15,99990
[1e+05]: 3.053113e-16,99990
[1e+05]: 1.942890e-16,99990
[1e+05]: 8.326673e-17,99990
[1e+05]: 3.986579e+00,99990
[1e+05]: 5.551115e-17,99990
