[3e+05]: 1.261015e+01,299990
[3e+05]: 1.304419e+01,299990
[3e+05]: 1.266268e+01,299990
[3e+05]: 1.203077e+01,299990
[3e+05]: 1.298310e+01,299990
[3e+05]: 1.284062e+01,299990
[3e+05]: 1.271678e+01,299990
[3e+05]: 1.265830e+01,299990
[3e+05]: 1.263770e+01,299990
[3e+05]: 1.286520e+01,299990
[3e+05]: 1.324377e+01,299990
[3e+05]: 1.270250e+01,299990
[3e+05]: 1.245304e+01,299990
[3e+05]: 1.312347e+01,299990
[3e+05]: 1.226081e+01,299990
[3e+05]: 1.230583e+01,299990
[3e+05]: 1.311844e+01,299990
[3e+05]: 1.319393e+01,299990
[3e+05]: 1.251812e+01,299990
[3e+05]: 1.302716e+01,299990
[3e+05]: 1.300675e+01,299990
[3e+05]: 1.279631e+01,299990
[3e+05]: 1.231499e+01,299990
[3e+05]: 1.292942e+01,299990
[3e+05]: 1.295495e+01,299990
