[1e+05]: 4.342930e+02,99990
[1e+05]: 5.206194e+01,99990
[1e+05]: 5.181673e+02,99990
[1e+05]: 5.874872e+02,99990
[1e+05]: 1.064076e+02,99990
[1e+05]: 4.374808e+02,99990
[1e+05]: 4.000000e+02,99990
[1e+05]: 4.284669e+02,99990
[1e+05]: 4.299401e+02,99990
[1e+05]: 4.401227e+02,99990
[1e+05]: 7.661220e+01,99990
[1e+05]: 9.000000e+02,99990
[1e+05]: 2.142839e+02,99990
[1e+05]: 0.000000e+00,99990
[1e+05]: 3.089584e+02,99990
[1e+05]: 8.739033e+01,99990
[1e+05]: 6.686067e+01,99990
[1e+05]: 6.566253e+01,99990
[1e+05]: 1.156873e-12,99990
[1e+05]: 6.346004e+01,99990
[1e+05]: 4.151020e+01,99990
[1e+05]: 8.002707e+01,99990
[1e+05]: 5.813027e+01,99990
[1e+05]: 4.045117e+01,99990
[1e+05]: 7.193717e+01,99990
