[3e+05]: 1.169802e+03,299990
[3e+05]: 1.210734e+03,299990
[3e+05]: 1.181695e+03,299990
[3e+05]: 1.227227e+03,299990
[3e+05]: 9.297914e+02,299990
[3e+05]: 1.192019e+03,299990
[3e+05]: 1.205408e+03,299990
[3e+05]: 1.182688e+03,299990
[3e+05]: 1.274550e+03,299990
[3e+05]: 1.195523e+03,299990
[3e+05]: 1.277331e+03,299990
[3e+05]: 1.186409e+03,299990
[3e+05]: 1.172704e+03,299990
[3e+05]: 1.219885e+03,299990
[3e+05]: 1.162490e+03,299990
[3e+05]: 5.000000e+02,299990
[3e+05]: 9.470562e+02,299990
[3e+05]: 1.195338e+03,299990
[3e+05]: 1.220203e+03,299990
[3e+05]: 1.164360e+03,299990
[3e+05]: 9.153940e+02,299990
[3e+05]: 5.000000e+02,299990
[3e+05]: 1.199852e+03,299990
[3e+05]: 5.000000e+02,299990
[3e+05]: 1.161559e+03,299990
