[1e+05]: 9.949591e-01,99990
[1e+05]: 1.804112e-15,99990
[1e+05]: 9.949591e-01,99990
[1e+05]: 0.000000e+00,99990
[1e+05]: 0.000000e+00,99990
[1e+05]: 9.949591e-01,99990
[1e+05]: 9.949591e-01,99990
[1e+05]: 9.949591e-01,99990
[1e+05]: 9.949591e-01,99990
[1e+05]: 9.949591e-01,99990
[1e+05]: 0.000000e+00,99990
[1e+05]: 0.000000e+00,99990
[1e+05]: 9.949591e-01,99990
[1e+05]: 0.000000e+00,99990
[1e+05]: 0.000000e+00,99990
[1e+05]: 1.989918e+00,99990
[1e+05]: 9.949591e-01,99990
[1e+05]: 3.979831e+00,99990
[1e+05]: 1.989918e+00,99990
[1e+05]: 0.000000e+00,99990
[1e+05]: 9.949591e-01,99990
[1e+05]: 1.989918e+00,99990
[1e+05]: 4.974790e+00,99990
[1e+05]: 1.293443e+01,99990
[1e+05]: 3.979831e+00,99990
