[1e+05]: 2.362999e+01,99990
[1e+05]: 2.345830e+00,99990
[1e+05]: 1.161831e+01,99990
[1e+05]: 2.495018e-01,99990
[1e+05]: 1.395004e+00,99990
[1e+05]: 1.055502e+01,99990
[1e+05]: 2.676619e+01,99990
[1e+05]: 1.328011e+01,99990
[1e+05]: 1.595316e+00,99990
[1e+05]: 1.001192e+03,99990
[1e+05]: 2.975639e+01,99990
[1e+05]: 3.135373e+01,99990
[1e+05]: 3.598728e+01,99990
[1e+05]: 6.531381e+01,99990
[1e+05]: 2.740145e-02,99990
[1e+05]: 5.068423e-01,99990
[1e+05]: 1.166943e+02,99990
[1e+05]: 5.698606e+02,99990
[1e+05]: 1.090869e+01,99990
[1e+05]: 2.361557e+01,99990
[1e+05]: 3.496975e-01,99990
[1e+05]: 4.118878e+02,99990
[1e+05]: 4.423057e-03,99990
[1e+05]: 4.782122e+01,99990
[1e+05]: 3.506448e+02,99990
