[1e+05]: 1.000305e+01,99990
[1e+05]: 6.533248e-01,99990
[1e+05]: 2.775558e-16,99990
[1e+05]: 4.163336e-16,99990
[1e+05]: 1.556644e+03,99990
[1e+05]: 1.556644e+03,99990
[1e+05]: 7.122541e+02,99990
[1e+05]: 1.961933e+01,99990
[1e+05]: 1.883456e+01,99990
[1e+05]: 2.095546e-14,99990
[1e+05]: 1.883456e+01,99990
[1e+05]: 3.053113e-16,99990
[1e+05]: 8.326673e-17,99990
[1e+05]: 1.556644e+03,99990
[1e+05]: 2.831069e-15,99990
[1e+05]: 1.000305e+01,99990
[1e+05]: 3.580469e-15,99990
[1e+05]: 1.000305e+01,99990
[1e+05]: 1.665335e-16,99990
[1e+05]: 7.494005e-16,99990
[1e+05]: 7.122541e+02,99990
[1e+05]: 7.494005e-16,99990
[1e+05]: 7.122541e+02,99990
[1e+05]: 2.775558e-17,99990
[1e+05]: 7.605431e-10,99990
