[3e+05]: 5.551115e-17,299900
[3e+05]: 2.775558e-17,299900
[3e+05]: 5.551115e-17,299900
[3e+05]: 2.775558e-17,299900
[3e+05]: 8.326673e-17,299900
[3e+05]: 5.551115e-17,299900
[3e+05]: 5.551115e-17,299900
[3e+05]: 2.775558e-17,299900
[3e+05]: 8.326673e-17,299900
[3e+05]: 1.387779e-16,299900
[3e+05]: 5.551115e-17,299900
[3e+05]: 1.110223e-16,299900
[3e+05]: 5.551115e-17,299900
[3e+05]: 2.775558e-17,299900
[3e+05]: 5.551115e-17,299900
[3e+05]: 5.551115e-17,299900
[3e+05]: 5.551115e-17,299900
[3e+05]: 5.551115e-17,299900
[3e+05]: 1.110223e-16,299900
[3e+05]: 2.775558e-17,299900
[3e+05]: 5.551115e-17,299900
[3e+05]: 5.551115e-17,299900
[3e+05]: 1.110223e-16,299900
[3e+05]: 3.986624e+00,299900
[3e+05]: 8.326673e-17,299900
