[1e+05]: 7.016610e-14,99900
[1e+05]: 7.016610e-14,99900
[1e+05]: 7.016610e-14,99900
[1e+05]: 7.016610e-14,99900
[1e+05]: 7.016610e-14,99900
[1e+05]: 7.016610e-14,99900
[1e+05]: 7.016610e-14,99900
[1e+05]: 7.016610e-14,99900
[1e+05]: 7.016610e-14,99900
[1e+05]: 7.016610e-14,99900
[1e+05]: 7.016610e-14,99900
[1e+05]: 7.016610e-14,99900
[1e+05]: 7.016610e-14,99900
[1e+05]: 7.016610e-14,99900
[1e+05]: 7.016610e-14,99900
[1e+05]: 7.016610e-14,99900
[1e+05]: 7.016610e-14,99900
[1e+05]: 7.016610e-14,99900
[1e+05]: 7.016610e-14,99900
[1e+05]: 7.016610e-14,99900
[1e+05]: 7.016610e-14,99900
[1e+05]: 7.016610e-14,99900
[1e+05]: 7.016610e-14,99900
[1e+05]: 7.016610e-14,99900
[1e+05]: 7.016610e-14,99900
