[3e+05]: 9.635043e+02,299990
[3e+05]: 8.829394e+02,299990
[3e+05]: 9.670884e+02,299990
[3e+05]: 6.219131e+02,299990
[3e+05]: 8.700149e+02,299990
[3e+05]: 9.822210e+02,299990
[3e+05]: 6.865805e+02,299990
[3e+05]: 7.278972e+02,299990
[3e+05]: 8.636107e+02,299990
[3e+05]: 1.239454e+03,299990
[3e+05]: 1.010242e+03,299990
[3e+05]: 8.895615e+02,299990
[3e+05]: 6.713117e+02,299990
[3e+05]: 7.147145e+02,299990
[3e+05]: 5.376216e+02,299990
[3e+05]: 9.560096e+02,299990
[3e+05]: 6.634211e+02,299990
[3e+05]: 1.118851e+03,299990
[3e+05]: 7.506459e+02,299990
[3e+05]: 8.745358e+02,299990
[3e+05]: 7.250987e+02,299990
[3e+05]: 8.401704e+02,299990
[3e+05]: 9.240628e+02,299990
[3e+05]: 1.028390e+03,299990
[3e+05]: 9.802276e+02,299990
