[1e+05]: 1.768388e+03,99990
[1e+05]: 1.782264e+03,99990
[1e+05]: 1.767552e+03,99990
[1e+05]: 1.761131e+03,99990
[1e+05]: 1.767576e+03,99990
[1e+05]: 1.767495e+03,99990
[1e+05]: 1.753005e+03,99990
[1e+05]: 1.748854e+03,99990
[1e+05]: 1.751974e+03,99990
[1e+05]: 1.765395e+03,99990
[1e+05]: 1.783911e+03,99990
[1e+05]: 1.760434e+03,99990
[1e+05]: 1.766904e+03,99990
[1e+05]: 1.768656e+03,99990
[1e+05]: 1.775625e+03,99990
[1e+05]: 1.756992e+03,99990
[1e+05]: 1.767756e+03,99990
[1e+05]: 1.758290e+03,99990
[1e+05]: 1.755311e+03,99990
[1e+05]: 1.761016e+03,99990
[1e+05]: 1.762992e+03,99990
[1e+05]: 1.766863e+03,99990
[1e+05]: 1.757202e+03,99990
[1e+05]: 1.761695e+03,99990
[1e+05]: 1.746847e+03,99990
