[3e+05]: 2.689166e+02,299990
[3e+05]: 3.286770e+02,299990
[3e+05]: 5.062980e+02,299990
[3e+05]: 1.641160e+02,299990
[3e+05]: 4.020144e+02,299990
[3e+05]: 5.019806e+02,299990
[3e+05]: 1.857098e+02,299990
[3e+05]: 1.640097e+02,299990
[3e+05]: 2.076463e+02,299990
[3e+05]: 2.527814e+02,299990
[3e+05]: 5.000000e+02,299990
[3e+05]: 5.040763e+02,299990
[3e+05]: 5.009719e+02,299990
[3e+05]: 5.000000e+02,299990
[3e+05]: 5.037525e+02,299990
[3e+05]: 1.750040e+02,299990
[3e+05]: 4.000000e+02,299990
[3e+05]: 4.000000e+02,299990
[3e+05]: 2.995218e+02,299990
[3e+05]: 2.532338e+02,299990
[3e+05]: 1.930692e+02,299990
[3e+05]: 4.038015e+02,299990
[3e+05]: 1.846169e+02,299990
[3e+05]: 2.131331e+02,299990
[3e+05]: 5.009719e+02,299990
